97.65923	0.000196	0.082
97.65923	0.000098	0.282
94.607379	0.000098	0.482
97.65923	0	0.682
88.503677	-0.000293	0.882
94.607379	-0.000098	1.082
128.17774	0.000293	1.282
149.540696	0.000391	1.482
189.214759	0.00088	1.682
225.83697	0.001271	1.882
265.511032	0.001369	2.082
311.288797	0.001857	2.282
354.01471	0.002249	2.482
393.688772	0.002737	2.682
439.466536	0.003226	2.882
482.19245	0.00391	3.082
534.073916	0.004595	3.282
576.799829	0.004986	3.482
625.629444	0.00567	3.682
677.51091	0.006354	3.882
717.184973	0.00655	4.082
775.170141	0.007039	4.282
823.999756	0.007528	4.482
863.673818	0.008114	4.682
918.607135	0.008407	4.882
961.333048	0.00919	5.082
1010.162664	0.009483	5.282
1065.095981	0.010069	5.482
1107.821894	0.010558	5.682
1156.651509	0.011047	5.882
1202.429273	0.011731	6.082
1242.103336	0.01222	6.282
1297.036653	0.012611	6.482
1342.814417	0.013002	6.682
1388.592181	0.013784	6.882
1428.266243	0.01398	7.082
1483.199561	0.014469	7.282
1519.821772	0.01486	7.482
1568.651387	0.015349	7.682
1620.532853	0.015935	7.882
1660.206915	0.016228	8.082
1699.880978	0.016913	8.282
1751.762444	0.017499	8.482
1785.332804	0.01789	8.682
1825.006867	0.018184	8.882
1870.784631	0.018868	9.082
1916.562395	0.019357	9.282
1953.184606	0.019454	9.482
1989.806818	0.020139	9.682
2032.532731	0.02053	9.882
2069.154942	0.021019	10.082
2111.880856	0.021312	10.282
2145.451216	0.02141	10.482
2179.021577	0.021801	10.682
2215.643788	0.021899	10.882
2246.162297	0.022387	11.082
2270.577105	0.022778	11.282
2310.251167	0.023267	11.482
2337.717826	0.02356	11.682
2362.132633	0.023854	11.882
2386.547441	0.024147	12.082
2420.117801	0.02444	12.282
2453.688162	0.024538	12.482
2481.15482	0.024831	12.682
2511.67333	0.025027	12.882
2551.347392	0.025516	13.082
2581.865902	0.025516	13.282
2609.33256	0.026004	13.482
2642.902921	0.026591	13.682
2670.369579	0.026689	13.882
2703.93994	0.026982	14.082
2725.302896	0.027275	14.282
2758.873257	0.027373	14.482
2798.547319	0.02796	14.682
2829.065828	0.028057	14.882
2859.584338	0.028351	15.082
2883.999145	0.02884	15.282
2917.569506	0.029133	15.482
2954.191717	0.029719	15.682
2975.554674	0.030208	15.882
3018.280587	0.030795	16.082
3051.850948	0.030697	16.282
3076.265755	0.031088	16.482
3115.939817	0.031284	16.682
3146.458327	0.031186	16.882
3180.028687	0.031968	17.082
3210.547197	0.032163	17.282
3241.065706	0.032555	17.482
3271.584216	0.033043	17.682
3302.102725	0.033239	17.882
3335.673086	0.033337	18.082
3357.036042	0.033923	18.282
3405.865658	0.034216	18.482
3427.228614	0.034314	18.682
3457.747124	0.034607	18.882
3488.265633	0.035096	19.082
3527.939695	0.035292	19.282
3555.406354	0.035585	19.482
3592.028565	0.035585	19.682
3625.598926	0.035976	19.882
3656.117435	0.036563	20.082
3680.532243	0.037052	20.282
3711.050752	0.037149	20.482
3741.569262	0.037443	20.682
3772.087771	0.037736	20.882
3808.709983	0.037931	21.082
3836.176641	0.03842	21.282
3863.6433	0.038909	21.482
3894.161809	0.039007	21.682
3927.73217	0.039398	21.882
3955.198828	0.039496	22.082
3976.561785	0.039789	22.282
4013.183996	0.039887	22.482
4043.702506	0.039887	22.682
4065.065462	0.040571	22.882
4098.635823	0.040766	23.082
4123.05063	0.04106	23.282
4150.517289	0.041451	23.482
4181.035798	0.041842	23.682
4211.554308	0.042135	23.882
4226.813562	0.042428	24.082
4266.487625	0.042526	24.282
4284.79873	0.042819	24.482
4312.265389	0.042917	24.682
4336.680197	0.043406	24.882
4364.146855	0.043602	25.082
4394.665365	0.043699	25.282
4425.183874	0.043797	25.482
4449.598682	0.044188	25.682
4474.013489	0.044286	25.882
4501.480148	0.044775	26.082
4531.998657	0.04497	26.282
4556.413465	0.045263	26.482
4586.931974	0.045557	26.682
4608.294931	0.045752	26.882
4635.761589	0.046046	27.082
4654.072695	0.046241	27.282
4681.539354	0.046632	27.482
4712.057863	0.04673	27.682
4742.576373	0.046925	27.882
4766.99118	0.047219	28.082
4794.457839	0.047316	28.282
4818.872646	0.04761	28.482
4846.339305	0.048099	28.682
4873.805963	0.048294	28.882
4901.272622	0.048392	29.082
4925.687429	0.048783	29.282
4956.205939	0.049272	29.482
4974.517045	0.049467	29.682
5001.983703	0.049663	29.882
5032.502213	0.04976	30.082
5059.968871	0.050249	30.282
5084.383679	0.050347	30.482
5111.850337	0.050543	30.682
5136.265145	0.051031	30.882
5175.939207	0.051227	31.082
5188.146611	0.051422	31.282
5221.716971	0.051422	31.482
5249.18363	0.051911	31.682
5279.702139	0.052205	31.882
5298.013245	0.052302	32.082
5328.531755	0.052791	32.282
5352.946562	0.052987	32.482
5383.465072	0.05328	32.682
5407.879879	0.053573	32.882
5429.242836	0.054062	33.082
5459.761345	0.054062	33.282
5490.279855	0.054551	33.482
5520.798364	0.054551	33.682
5545.213172	0.054844	33.882
5575.731681	0.054942	34.082
5600.146489	0.055431	34.282
5627.613147	0.055724	34.482
5661.183508	0.055919	34.682
5697.805719	0.056115	34.882
5716.116825	0.05631	35.082
5737.479781	0.056702	35.282
5771.050142	0.057093	35.482
5801.568651	0.056995	35.682
5825.983459	0.057288	35.882
5862.60567	0.057581	36.082
5880.916776	0.058266	36.282
5905.331584	0.058461	36.482
5938.901944	0.058559	36.682
5975.524155	0.058657	36.882
5993.835261	0.059243	37.082
6024.353771	0.059439	37.282
6054.87228	0.059634	37.482
6079.287088	0.060025	37.682
6115.909299	0.060221	37.882
6140.324107	0.060514	38.082
6170.842616	0.060612	38.282
6189.153722	0.06071	38.482
6234.931486	0.061003	38.682
6259.346294	0.061492	38.882
6286.812952	0.06159	39.082
6305.124058	0.062274	39.282
6344.79812	0.062469	39.482
6369.212928	0.062567	39.682
6393.627735	0.063252	39.882
6430.249947	0.063643	40.082
6457.716605	0.063838	40.282
6488.235115	0.064034	40.482
6518.753624	0.064327	40.682
6543.168432	0.064718	40.882
6576.738792	0.064913	41.082
6607.257302	0.065109	41.282
6634.72396	0.0655	41.482
6662.190619	0.065891	41.682
6686.605426	0.065989	41.882
6720.175787	0.066184	42.082
6750.694296	0.066282	42.282
6784.264657	0.066673	42.482
6805.627613	0.066869	42.682
6839.197974	0.067064	42.882
6866.664632	0.067553	43.082
6891.07944	0.067944	43.282
6933.805353	0.068237	43.482
6958.220161	0.068628	43.682
6994.842372	0.068824	43.882
7016.205329	0.069019	44.082
7052.82754	0.069606	44.282
7074.190497	0.069704	44.482
7107.760857	0.069508	44.682
7141.331217	0.069997	44.882
7168.797876	0.070486	45.082
7199.316385	0.070975	45.282
7223.731193	0.07117	45.482
7248.146001	0.071561	45.682
7284.768212	0.071952	45.882
7312.23487	0.071757	46.082
7345.805231	0.072343	46.282
7373.271889	0.072734	46.482
7397.686697	0.072734	46.682
7422.101505	0.072832	46.882
7455.671865	0.073028	47.082
7483.138524	0.073516	47.282
7510.605182	0.07381	47.482
7544.175542	0.074005	47.682
7568.59035	0.074103	47.882
7605.212561	0.074299	48.082
7632.67922	0.074592	48.282
7663.197729	0.075178	48.482
7687.612537	0.074983	48.682
7718.131046	0.075374	48.882
7754.753258	0.075863	49.082
7776.116214	0.076058	49.282
7815.790277	0.076352	49.482
7840.205084	0.076645	49.682
7867.671743	0.076743	49.882
7898.190252	0.077329	50.082
7925.656911	0.07772	50.282
7956.17542	0.077916	50.482
7980.590228	0.077916	50.682
8011.108737	0.078405	50.882
8041.627247	0.078796	51.082
8072.145756	0.079089	51.282
8108.767968	0.079382	51.482
8139.286477	0.079578	51.682
8154.545732	0.079773	51.882
8191.167943	0.079969	52.082
8221.686453	0.080262	52.282
8258.308664	0.080164	52.482
8276.61977	0.080751	52.682
8313.241981	0.080751	52.882
8340.70864	0.08124	53.082
8374.279	0.081826	53.282
8401.745659	0.082119	53.482
8429.212317	0.082413	53.682
8462.782678	0.082706	53.882
8496.353038	0.082902	54.082
8526.871548	0.083097	54.282
8551.286355	0.08339	54.482
8584.856716	0.083781	54.682
8624.530778	0.083977	54.882
8648.945585	0.084466	55.082
8676.412244	0.084759	55.282
8700.827052	0.084857	55.482
8743.552965	0.085443	55.682
8774.071474	0.085346	55.882
8801.538133	0.085834	56.082
8829.004791	0.085932	56.282
8859.523301	0.086225	56.482
8896.145512	0.086616	56.682
8923.612171	0.087203	56.882
8960.234382	0.087203	57.082
8987.701041	0.087692	57.282
9012.115848	0.087594	57.482
9039.582507	0.088181	57.682
9079.256569	0.088376	57.882
9106.723228	0.088767	58.082
9149.449141	0.088963	58.282
9170.812098	0.088865	58.482
9204.382458	0.089647	58.682
9234.900967	0.089647	58.882
9268.471328	0.090331	59.082
9295.937986	0.090527	59.282
9332.560198	0.090722	59.482
9369.182409	0.091309	59.682
9387.493515	0.091309	59.882
9427.167577	0.091602	60.082
9454.634236	0.091798	60.282
9494.308298	0.092384	60.482
9521.774957	0.092287	60.682
9552.293466	0.092678	60.882
9588.915677	0.092971	61.082
9613.330485	0.093069	61.282
9649.952696	0.09346	61.482
9665.211951	0.093655	61.682
9704.886013	0.094046	61.882
9738.456374	0.094242	62.082
9768.974883	0.094731	62.282
9802.545244	0.095024	62.482
9826.960051	0.095415	62.682
9863.582263	0.095415	62.882
9891.048921	0.096099	63.082
9927.671133	0.096099	63.282
9961.241493	0.096588	63.482
9985.656301	0.096686	63.682
10019.22666	0.096881	63.882
10046.69332	0.097272	64.082
10068.05628	0.097859	64.282
10107.73034	0.098446	64.482
10138.24885	0.098348	64.682
10174.87106	0.098641	64.882
10205.38957	0.099032	65.082
10232.85623	0.099325	65.282
10263.37474	0.099814	65.482
10296.9451	0.099716	65.682
10321.35991	0.100205	65.882
10364.08582	0.100303	66.082
10388.50063	0.100596	66.282
10425.12284	0.100792	66.482
10455.64135	0.101183	66.682
10486.15986	0.101378	66.882
10513.62651	0.102063	67.082
10538.04132	0.102161	67.282
10571.61168	0.102552	67.482
10605.18204	0.102845	67.682
10638.7524	0.10304	67.882
10666.21906	0.103334	68.082
10693.68572	0.103627	68.282
10730.30793	0.103822	68.482
10769.98199	0.104116	68.682
10791.34495	0.104605	68.882
10818.81161	0.104898	69.082
10852.38197	0.105191	69.282
10889.00418	0.105289	69.482
10916.47084	0.10568	69.682
10950.0412	0.105875	69.882
10986.66341	0.106266	70.082
11008.02637	0.106364	70.282
11053.80413	0.106658	70.482
11078.21894	0.106853	70.682
11102.63375	0.10744	70.882
11142.30781	0.107342	71.082
11175.87817	0.107928	71.282
11206.39668	0.108222	71.482
11243.01889	0.108515	71.682
11264.38185	0.108906	71.882
11307.10776	0.108906	72.082
11340.67812	0.109297	72.282
11374.24848	0.109786	72.482
11398.66329	0.109981	72.682
11435.2855	0.110275	72.882
11468.85586	0.110861	73.082
11496.32252	0.110959	73.282
11535.99658	0.111448	73.482
11566.51509	0.111839	73.682
11593.98175	0.111546	73.882
11630.60396	0.112425	74.082
11661.12247	0.112719	74.282
11697.74468	0.112719	74.482
11728.26319	0.113012	74.682
11761.83355	0.113305	74.882
11792.35206	0.113599	75.082
11828.97427	0.113892	75.282
11862.54463	0.114381	75.482
11893.06314	0.114674	75.682
11926.6335	0.115261	75.882
11951.04831	0.115456	76.082
11987.67052	0.115847	76.282
12021.24088	0.116043	76.482
12051.75939	0.116238	76.682
12091.43345	0.116434	76.882
12121.95196	0.11702	77.082
12149.41862	0.117411	77.282
12186.04083	0.1179	77.482
12216.55934	0.118193	77.682
12244.026	0.118291	77.882
12292.85562	0.118584	78.082
12320.32228	0.119073	78.282
12344.73708	0.118975	78.482
12387.463	0.119562	78.682
12414.92966	0.119855	78.882
12457.65557	0.120051	79.082
12482.07038	0.12054	79.282
12509.53703	0.120833	79.482
12552.26295	0.121028	79.682
12576.67776	0.121811	79.882
12607.19627	0.121615	80.082
12634.66292	0.122104	80.282
12680.44069	0.122397	80.482
12701.80364	0.12269	80.682
12738.42586	0.123472	80.882
12768.94437	0.123472	81.082
12805.56658	0.123766	81.282
12836.08509	0.124157	81.482
12863.55174	0.124352	81.682
12900.17396	0.124646	81.882
12930.69247	0.124743	82.082
12958.15912	0.124939	82.282
12994.78134	0.12533	82.482
13031.40355	0.125721	82.682
13061.92206	0.126308	82.882
13092.44057	0.126601	83.082
13119.90722	0.126992	83.282
13159.58129	0.126992	83.482
13174.84054	0.127187	83.682
13220.61831	0.127676	83.882
13245.03311	0.128165	84.082
13287.75903	0.128067	84.282
13312.17383	0.128556	84.482
13345.74419	0.129045	84.682
13373.21085	0.129045	84.882
13415.93677	0.129534	85.082
13446.45528	0.129631	85.282
13470.87008	0.129827	85.482
13513.596	0.130316	85.682
13534.95895	0.130707	85.882
13568.52931	0.130902	86.082
13602.09967	0.131	86.282
13632.61818	0.131391	86.482
13663.13669	0.131684	86.682
13696.70705	0.132173	86.882
13730.27741	0.132662	87.082
13766.89963	0.13276	87.282
13794.36628	0.133053	87.482
13824.88479	0.133444	87.682
13855.4033	0.133542	87.882
13898.12922	0.133737	88.082
13928.64773	0.134128	88.282
13962.21809	0.134617	88.482
14001.89215	0.134617	88.682
14026.30696	0.135399	88.882
14056.82547	0.135302	89.082
14090.39583	0.135693	89.282
14130.06989	0.136084	89.482
14157.53655	0.136475	89.682
14188.05506	0.136572	89.882
14224.67727	0.137159	90.082
14258.24763	0.137355	90.282
14294.86984	0.13755	90.482
14325.38835	0.137843	90.682
14355.90686	0.138137	90.882
14392.52907	0.138528	91.082
14432.20313	0.139114	91.282
14462.72164	0.13931	91.482
14493.24015	0.139505	91.682
14526.81051	0.139896	91.882
14560.38087	0.140287	92.082
14593.95123	0.140776	92.282
14633.62529	0.140874	92.482
14654.98825	0.141461	92.682
14694.66231	0.141852	92.882
14728.23267	0.141949	93.082
14761.80303	0.142145	93.282
14801.4771	0.142536	93.482
14831.99561	0.143025	93.682
14865.56597	0.14322	93.882
14899.13633	0.144002	94.082
14935.75854	0.144198	94.282
14966.27705	0.1441	94.482
14999.84741	0.144687	94.682
15042.57332	0.145273	94.882
15073.09183	0.145371	95.082
15103.61034	0.14586	95.282
15143.2844	0.145958	95.482
15170.75106	0.146251	95.682
15207.37327	0.146544	95.882
15243.99548	0.146837	96.082
15277.56584	0.147326	96.282
15314.18806	0.14762	96.482
15347.75842	0.147815	96.682
15381.32878	0.148304	96.882
15414.89914	0.148597	97.082
15439.31394	0.149086	97.282
15478.98801	0.149184	97.482
15521.71392	0.149477	97.682
15549.18058	0.149672	97.882
15585.80279	0.149868	98.082
15619.37315	0.150161	98.282
15655.99536	0.150846	98.482
15686.51387	0.150846	98.682
15720.08423	0.15153	98.882
15756.70644	0.151432	99.082
15793.32865	0.152117	99.282
15826.89901	0.152312	99.482
15860.46938	0.152899	99.682
15894.03974	0.152899	99.882
15924.55825	0.153094	100.082
15958.12861	0.153485	100.282
15997.80267	0.154072	100.482
16028.32118	0.154267	100.682
16058.83969	0.154658	100.882
16092.41005	0.154561	101.082
16119.87671	0.155049	101.282
16159.55077	0.155831	101.482
16193.12113	0.156027	101.682
16235.84704	0.156223	101.882
16257.21	0.156516	102.082
16278.57295	0.156614	102.282
16321.29887	0.157005	102.482
16351.81738	0.157493	102.682
16391.49144	0.157787	102.882
16422.00995	0.158275	103.082
16458.63216	0.158471	103.282
16492.20252	0.158764	103.482
16525.77288	0.159058	103.682
16553.23954	0.159449	103.882
16589.86175	0.159449	104.082
16632.58766	0.159937	104.282
16663.10617	0.15984	104.482
16693.62468	0.160524	104.682
16727.19504	0.160622	104.882
16757.71355	0.161306	105.082
16785.18021	0.161306	105.282
16824.85427	0.161893	105.482
16858.42464	0.162088	105.682
16895.04685	0.162479	105.882
16922.5135	0.162577	106.082
16953.03201	0.162675	106.282
16992.70608	0.163164	106.482
17017.12088	0.163457	106.682
17050.69124	0.163457	106.882
17081.20975	0.16375	107.082
17126.98752	0.164337	107.282
17157.50603	0.164728	107.482
17188.02454	0.165021	107.682
17221.5949	0.165217	107.882
17261.26896	0.165314	108.082
17300.94302	0.165412	108.282
17331.46153	0.165999	108.482
17368.08374	0.166487	108.682
17407.75781	0.166487	108.882
17441.32817	0.166878	109.082
17462.69112	0.167465	109.282
17502.36518	0.167758	109.482
17545.0911	0.168149	109.682
17578.66146	0.168247	109.882
17615.28367	0.16854	110.082
17645.80218	0.169029	110.282
17685.47624	0.169518	110.482
17715.99475	0.169714	110.682
17752.61696	0.170691	110.882
17783.13547	0.170691	111.082
17822.80953	0.170789	111.282
17853.32804	0.17118	111.482
17889.95026	0.171473	111.682
17932.67617	0.171864	111.882
17969.29838	0.171962	112.082
17999.81689	0.172158	112.282
18039.49095	0.172255	112.482
18063.90576	0.173135	112.682
18109.68352	0.173526	112.882
18131.04648	0.173428	113.082
18176.82424	0.173917	113.282
18213.44646	0.174015	113.482
18253.12052	0.174895	113.682
18280.58718	0.174895	113.882
18320.26124	0.175384	114.082
18353.8316	0.175775	114.282
18381.29826	0.176361	114.482
18420.97232	0.176655	114.682
18457.59453	0.176655	114.882
18482.00934	0.176752	115.082
18521.6834	0.177437	115.282
18561.35746	0.177632	115.482
18588.82412	0.177926	115.682
18625.44633	0.178317	115.882
18659.01669	0.178708	116.082
18701.74261	0.178805	116.282
18732.26112	0.179001	116.482
18765.83148	0.179294	116.682
18799.40184	0.179783	116.882
18839.0759	0.180076	117.082
18872.64626	0.180565	117.282
18903.16477	0.180761	117.482
18936.73513	0.181249	117.682
18973.35734	0.181836	117.882
19003.87585	0.181934	118.082
19046.60176	0.18252	118.282
19071.01657	0.182325	118.482
19104.58693	0.182814	118.682
19141.20914	0.1834	118.882
19177.83136	0.183693	119.082
19208.34986	0.183889	119.282
19241.92023	0.18428	119.482
19275.49059	0.184378	119.682
19309.06095	0.184964	119.882
19348.73501	0.184964	120.082
19373.14982	0.18516	120.282
19406.72018	0.185746	120.482
19437.23869	0.185942	120.682
19476.91275	0.186333	120.882
19510.48311	0.18692	121.082
19544.05347	0.187213	121.282
19571.52013	0.187604	121.482
19602.03864	0.187604	121.682
19650.86825	0.187897	121.882
19675.28306	0.188484	122.082
19705.80157	0.188581	122.282
19742.42378	0.188777	122.482
19714.95712	0.185355	122.682
19760.73489	0.18604	122.882
19800.40895	0.186333	123.082
19843.13486	0.186333	123.282
19873.65337	0.186724	123.482
19910.27558	0.187506	123.682
19830.92746	0.184769	123.882
